74 713 44 31
29 22 57 45 55 5 33 58 28 18 2 14 31 7 8 47 23 70 35 36 38 9 1 10 17 42 56 26 12 11 71 60 73 68 61 44 13 4 54 40 34 62 52 74
19 60 57
33 29 11
28 44 168
35 25 166
35 13 311
1 7 464
44 5 494
72 20 479
18 62 12
68 7 410
51 72 409
11 21 334
19 54 97
51 34 388
18 10 213
62 37 132
69 59 281
57 48 486
40 49 75
22 19 331
21 56 442
74 34 123
54 68 106
47 72 216
61 18 278
70 65 222
4 17 458
8 28 362
62 8 220
27 34 441
8 47 120
15 48 432
38 16 413
30 29 186
2 15 180
67 65 374
55 63 373
3 70 272
15 38 232
35 68 355
33 30 500
38 65 229
16 53 310
1 54 390
59 42 359
13 52 225
11 48 374
26 40 353
53 27 218
12 53 491
6 25 215
38 11 356
19 1 323
8 73 352
45 5 458
48 19 468
10 13 164
36 49 147
48 45 397
38 18 176
44 49 296
48 38 375
63 54 317
15 19 415
61 6 443
6 12 366
32 14 315
3 59 313
74 1 403
67 14 113
70 62 160
3 39 414
10 64 77
48 4 4
74 52 493
58 11 229
28 59 177
53 71 149
67 17 325
30 21 284
9 22 436
34 8 63
26 18 480
60 3 244
41 23 454
39 45 301
19 27 128
60 10 389
22 23 480
23 46 216
32 66 39
68 4 166
11 71 459
73 59 325
19 34 176
14 36 121
12 45 89
34 40 260
15 57 150
27 12 109
18 46 83
50 60 287
64 70 486
53 5 434
35 19 278
24 36 152
50 8 76
20 27 437
22 17 498
41 50 30
63 14 97
70 23 429
20 35 430
37 39 92
45 7 182
56 8 119
64 57 137
25 22 277
54 25 389
53 11 407
23 40 148
25 2 164
57 26 457
58 54 433
72 35 52
53 41 52
16 49 183
28 58 189
36 74 359
56 71 408
45 41 228
60 38 151
67 63 102
56 51 407
57 35 412
61 38 172
26 72 92
43 9 349
3 61 115
74 45 24
66 19 268
52 29 82
63 8 18
74 39 312
7 64 439
18 44 88
50 44 100
38 67 498
28 52 306
63 16 331
52 10 172
56 35 455
61 14 494
25 56 174
52 59 180
38 19 367
14 41 227
17 69 402
57 39 170
49 23 332
64 13 123
5 68 284
70 53 379
45 54 449
1 26 51
23 14 447
6 63 164
47 53 268
26 51 151
59 5 341
15 58 362
33 3 461
45 62 123
13 26 380
30 54 167
23 2 44
24 31 172
48 32 80
74 62 409
68 71 218
60 59 252
65 40 401
46 33 285
60 61 52
37 58 307
24 22 431
42 47 346
34 7 228
19 32 10
50 71 274
38 50 129
19 62 108
2 71 86
32 59 388
59 49 284
1 72 111
36 19 487
40 48 118
20 58 136
67 25 385
8 10 379
31 19 343
24 3 49
53 31 456
21 1 185
13 56 233
7 61 466
66 50 64
66 69 47
27 45 385
16 35 275
18 47 133
8 20 282
36 27 384
61 59 406
2 36 199
66 55 375
28 71 7
17 18 88
24 58 394
22 37 91
50 49 422
14 46 89
64 30 341
16 65 352
30 61 302
15 28 368
19 18 64
53 39 248
11 62 328
43 15 253
74 61 171
69 42 342
28 26 24
48 27 429
4 51 288
56 27 266
66 18 70
6 27 284
25 21 65
11 8 221
20 47 420
12 70 250
49 61 233
48 31 112
44 43 49
43 30 280
46 73 257
46 12 427
70 1 155
28 61 473
73 67 407
22 70 390
62 67 247
13 34 475
70 21 295
52 42 123
28 27 11
23 15 125
61 56 142
22 6 232
68 73 425
38 58 348
20 17 116
18 20 421
65 36 292
4 44 325
54 20 323
67 32 72
28 24 357
7 11 81
14 72 486
69 2 59
36 72 339
72 42 330
23 16 166
40 13 269
42 33 280
73 64 42
36 51 49
11 17 399
1 34 81
49 56 226
73 6 308
46 15 383
48 41 377
52 16 214
33 24 242
12 3 448
66 45 291
62 17 116
52 20 473
8 27 283
32 8 24
50 51 146
20 37 441
35 41 395
41 20 241
41 22 362
52 2 141
21 10 38
74 29 188
27 68 83
71 32 216
68 33 136
39 9 307
11 29 41
71 19 460
61 43 399
69 60 251
48 24 335
57 7 31
74 16 287
24 63 32
55 12 276
3 16 328
18 54 142
24 9 194
2 70 14
13 69 1
2 1 113
26 8 141
33 41 133
72 70 324
34 41 464
51 16 358
47 33 397
40 55 430
44 68 452
63 58 469
14 29 438
10 56 275
34 12 96
56 11 417
65 8 278
51 13 312
40 6 104
22 12 252
29 19 371
73 36 310
19 14 376
62 27 345
11 63 451
29 6 481
60 46 310
72 64 36
68 46 473
8 68 153
40 33 340
6 18 258
14 40 419
65 20 390
47 55 459
48 74 137
34 66 395
69 23 383
57 23 226
37 17 253
27 41 430
25 38 454
14 47 240
25 61 181
59 16 187
59 68 488
69 7 201
1 51 105
64 45 29
52 39 191
19 28 192
24 60 151
18 9 32
34 11 47
63 71 320
62 28 65
2 24 42
12 59 451
33 25 423
54 65 310
68 29 436
32 30 489
4 1 280
15 11 10
34 5 38
65 31 190
13 45 301
46 10 305
2 17 377
58 27 405
10 15 419
30 38 328
10 4 104
34 15 257
33 37 473
31 39 334
45 17 453
60 42 242
44 74 98
53 67 469
28 48 246
36 8 41
5 54 53
48 13 131
47 23 285
56 19 411
36 45 439
39 47 372
53 46 496
47 10 101
26 11 423
3 53 284
11 68 121
71 10 462
54 71 330
2 53 320
8 2 188
9 63 208
21 42 54
10 65 332
36 57 376
61 62 281
17 29 147
18 16 27
69 50 111
38 27 369
56 50 374
5 23 198
39 36 200
20 31 224
63 64 57
7 51 29
51 42 417
32 2 346
4 67 233
58 36 169
13 61 228
45 24 120
46 34 84
50 21 234
42 63 240
2 3 401
71 52 171
46 62 488
45 73 378
1 40 464
49 63 399
52 65 484
3 25 151
60 47 231
2 73 69
43 2 177
37 43 29
49 72 103
49 25 441
11 64 117
69 63 143
20 59 26
6 13 322
2 68 267
4 39 149
63 40 381
54 35 292
10 63 309
72 28 410
46 16 56
10 59 377
26 14 362
74 47 128
67 5 367
28 3 92
53 48 322
6 66 385
40 73 169
52 68 72
68 67 156
32 49 254
70 38 367
33 20 294
35 10 407
5 52 385
18 36 64
44 9 232
72 25 410
54 36 254
74 56 145
31 4 4
31 34 439
20 34 169
50 52 79
58 56 227
21 32 500
50 13 92
24 30 416
21 37 301
41 37 485
16 11 181
22 10 98
64 20 159
8 57 173
52 73 454
29 18 70
65 51 64
67 55 323
3 30 63
15 60 492
35 38 445
34 29 289
28 69 159
1 53 383
15 6 241
41 64 152
33 38 266
16 60 412
56 53 456
1 30 33
25 62 246
71 57 259
40 7 493
20 66 63
4 5 412
56 69 35
12 31 390
52 35 304
11 33 418
37 34 54
60 8 109
22 50 17
21 61 29
28 43 286
12 35 58
60 43 12
70 51 294
28 41 218
8 38 236
23 37 203
36 28 69
6 56 360
45 69 59
37 2 379
49 47 384
38 44 498
64 14 226
42 29 103
34 17 438
59 7 65
26 37 230
39 46 248
29 43 374
25 74 66
9 31 264
29 8 363
9 55 170
44 26 432
51 37 50
9 11 349
57 63 142
49 28 450
25 40 63
46 52 13
30 57 486
24 54 46
53 50 480
9 61 197
5 11 82
22 73 180
33 51 153
47 59 145
35 3 39
33 73 160
8 30 149
27 13 126
19 51 45
53 38 483
70 33 288
9 66 248
22 8 361
10 50 24
25 7 309
70 48 5
39 27 198
47 22 376
18 64 416
42 1 365
25 58 141
35 27 130
53 49 405
14 59 153
1 15 272
33 49 140
68 24 457
17 3 97
11 69 479
38 51 250
56 26 390
48 8 412
72 59 205
7 62 434
33 32 136
66 17 470
28 50 180
7 49 278
15 18 287
34 14 471
54 31 251
8 4 378
54 55 327
2 54 2
44 65 235
19 40 232
31 72 426
11 12 277
44 54 410
54 17 6
2 11 416
17 36 198
71 8 239
60 44 109
58 6 358
21 14 422
12 43 324
66 13 358
64 8 480
55 64 195
5 62 232
54 12 410
37 18 491
65 3 15
23 19 300
65 28 291
66 25 181
10 43 28
50 15 419
29 48 339
14 70 429
4 25 148
45 8 413
8 55 305
19 41 287
59 67 61
7 30 469
29 20 469
41 68 172
12 58 63
33 43 274
66 63 488
13 47 312
72 38 375
71 48 168
40 61 466
63 48 491
34 24 228
13 43 434
23 71 15
49 37 301
3 73 142
40 10 121
65 18 244
16 62 381
66 36 358
6 52 237
44 55 15
50 42 116
70 61 76
62 44 389
71 45 101
40 74 25
27 54 472
6 53 225
29 31 141
9 41 433
69 52 22
18 72 290
26 54 428
6 41 361
43 49 59
73 39 156
6 54 428
49 54 194
32 34 465
3 54 24
39 32 280
67 70 428
16 10 161
48 51 138
67 69 188
8 46 72
55 32 200
67 1 489
26 12 187
38 69 142
56 5 114
41 58 460
27 31 370
39 13 96
52 25 453
41 60 349
43 67 408
47 25 475
15 51 422
64 31 414
28 51 257
20 63 74
71 27 143
12 9 238
60 36 415
53 17 370
20 32 400
3 41 460
33 60 364
9 49 340
48 72 288
66 31 404
7 54 227
48 3 15
28 15