3
100000 100
4240 15012
96197 65942
86394 83517
75589 82004
80216 51957
20240 58848
22498 12864
19127 9648
1614 77990
67797 23742
59355 2505
79067 56224
52193 67822
43016 11232
51582 19543
85550 45128
18181 86634
17990 16885
12328 2108
49882 88874
36258 6846
71938 22025
58777 9750
85647 72940
17167 6030
85956 37384
8759 80797
10289 52729
27923 90685
28263 71320
14270 6745
89537 52197
18928 33923
84500 72315
88715 66039
82432 54449
96941 99084
89348 85380
63734 30073
24273 38473
24002 68147
1200 84096
49916 9925
96552 53344
75551 33916
34445 13252
80777 38364
16116 12846
7907 41443
51872 50445
68707 72205
43401 12874
65479 10022
63828 7630
43719 20838
34820 70047
66440 10716
48142 91351
3833 20266
71191 65938
88931 45695
63737 67790
92515 81771
32283 63663
94052 93397
1731 89808
14010 94936
61604 99027
23355 28417
14784 71837
16005 75530
4146 56849
42389 56332
9973 47567
37995 69188
81438 11575
58618 10885
33477 69073
57166 6982
21705 11365
65653 17537
85714 80528
72272 82571
86366 12844
15016 78897
36074 10113
78394 71030
12722 89482
50296 91047
197 82815
27369 69439
18007 1965
42405 28327
96008 19338
20167 88593
6687 12599
47414 25797
68575 85829
26087 6481
78498 26748
100000 100
34001 73724
55303 2138
87591 8435
81871 65352
79370 83518
78306 6866
20282 63784
38306 6911
27888 2552
14445 41889
94082 90680
19643 68536
75874 2007
61281 83286
5226 92741
5843 73521
37732 50302
95853 88321
14050 34002
96839 77488
69324 18293
82419 80295
10334 4060
34304 12837
19200 2033
93675 67334
32083 71524
45692 34095
6178 86235
78240 54164
71885 14878
5103 92670
44163 6534
9996 89872
79482 41174
31378 47559
58155 43703
61009 25302
33523 24083
29025 72920
27473 47933
98709 21923
1974 35796
48551 53576
71165 36376
49480 81465
73277 90309
52471 76480
39064 74254
54827 89567
97684 60445
17378 53077
59690 44800
77532 84081
70974 56767
84386 3929
48382 72401
81167 98020
58122 18203
60344 54470
2688 43814
33906 57485
95945 47439
25763 91387
27193 89870
40103 75264
89074 53583
46671 79550
53807 3033
97542 38820
34717 82766
52227 44213
45564 6780
21749 82663
28761 25827
37947 93461
4285 46122
17915 3652
51162 9000
60153 29004
78446 69187
84356 7355
6572 28941
34203 80838
69895 95208
99859 1853
89875 92452
27156 61241
65349 1666
37556 68358
75665 90645
9068 20502
89973 22257
10601 893
76646 61978
85299 66628
54002 8228
20518 78421
49116 67400
66642 230
100000 100
98282 28446
71625 75101
95167 87430
7650 75537
15079 59429
58277 3860
66273 48522
35722 2793
73584 73789
6762 73197
53951 34252
26642 71560
30847 67956
47527 32312
40113 1541
50879 38433
66262 35173
49356 7165
71342 64642
90129 76016
27719 32334
47715 63979
35072 72593
61442 57134
86381 25831
92478 38263
23035 65872
2638 62853
70695 80022
43079 22700
8 70157
46369 52210
33158 39915
34418 31329
73414 63303
49305 98844
30690 39144
99936 86386
12710 83149
30908 50628
86181 58635
10178 74694
34058 93148
22865 79174
99279 86803
88612 12053
18108 13789
95964 89113
12551 27635
49773 54209
15280 17715
53675 41158
914 88370
40891 23606
51762 36074
52067 88465
93027 50847
39438 29833
4644 27189
78186 11798
49130 82866
39670 72701
43569 57472
89323 28339
31002 54498
96892 21467
97367 56934
33321 66482
26378 97307
5574 31547
41246 19706
27146 59103
19567 11887
23570 94680
68214 18417
17713 99913
29044 53512
32945 85737
36515 54213
48936 31691
49477 70612
23520 94302
3083 40821
72355 18848
76347 76588
27310 31677
52577 84147
31208 63917
95355 77851
92237 11657
58341 79985
55527 84933
61500 97733
77907 62548
28827 94670
58582 90750
45111 26554
65711 26192
21484 69196
134 40847